0.53
1.06
1.59
2.12
2.65
3.18
3.71
4.24
4.77
5.3
5.83
6.36
6.89
7.42
7.95
8.48
20.4
21.6
22.8
24
25.2
26.4
27.6
28.8
30
31.2
32.4
33.6
34.8
36
37.2
38.4
39.6
40.8
42
43.2
44.4
45.6
1.326
1.36
1.394
1.428
1.462
1.496
1.53
1.564
1.598
1.632
1.666
1.7
1.734
1.768
1.802
1.836
1.87
1.904
1.938
1.972
2.006
2.04
2.074
2.108
2.142
2.176
2.21
2.244
2.278
2.312
2.346
2.38
2.414
2.448
2.482
2.516
2.55
2.584
2.618
2.652
2.686
2.72
2.754
2.788
2.822
2.856
2.89
2.924
2.958
2.992
3.026
3.06
3.094
3.128
3.162
3.196
3.23
3.264
3.298
3.332
3.366
3.4
4.4421
4.4642
4.4863
4.5084
4.5305
4.5526
4.5747
4.5968
4.6189
4.641
4.6631
4.6852
4.7073
4.7294
4.7515
4.7736
4.7957
4.8178
4.8399
4.862
4.8841
4.9062
4.9283
4.9504
4.9725
4.9946
5.0167
5.0388
5.0609
5.083
5.1051
5.1272
5.1493
5.1714
5.1935
5.2156
5.2377
5.2598
5.2819
5.304
5.3261
5.3482
5.3703
5.3924
5.4145
5.4366
5.4587
5.4808
5.5029
5.525
5.5471
5.5692
5.5913
5.6134
5.6355
5.6576
5.6797
5.7018
5.7239
5.746
5.7681
5.7902
5.8123
5.8344
5.8565
5.8786
5.9007
5.9228
5.9449
5.967
5.9891
6.0112
6.0333
6.0554
6.0775
6.0996
6.1217
6.1438
6.1659
6.188
6.2101
6.2322
6.2543
6.2764
6.2985
6.3206
6.3427
6.3648
6.3869
6.409
6.4311
6.4532
6.4753
6.4974
6.5195
6.5416
6.5637
6.5858
6.6079
6.63